59085
13625
4518
5767
13271
2523
3885
3721
4256
1043
8280
9841
32459
17804
2080
6942
1568
1968
3116
34414
90557
12264
51977
1677
46544
13083
39553
7080
17219
26056
30959
24868
35036
4227
49986
26364
43919
16305
18087
14650
41925
2262
1797
3816
3592
281814
14946
29054
36751
10328
49779
4332
3766
9834
2741
1855
11181
4940
5053
15228 
10379
13112
8636
33646
6259
5580
18054
21672
1126
20206
26212
31807
6780
10833
4108
15946
2797
827
1193
40429
3088
12964
4787
17684
37336
2270
2699
33884
49339
3116
7357
28074
5594
20719
6951
55987
507
31265
51432
14020
20626
9650
31040
13892
39717
6102
10395
45678
5067
3038
33724
58915
47994
26638
12488
27102
4852
1977
10129
2063
35881
42793
1769
12584
3432
51575
27372
10107
70860
3050
26835
9495
9135
2898
18256
16796
9702
17619
28911
29407
2975
19503
3149
17813
3124
17037
22544
6629
10235
1465
5120
8232
50652
17359
4671
6740
18247
10126
2762
16062
28862
13353
37225
4801
13052
38871
10905
6411
1858
4260
6208
46037
5867
1806
26516
25327
3083
31498
1617
445
25882
5340
734
2278
12194
4746
26262
25011
31028
42462
25099
11895
7470
126111
10517
178650